cam_2:
  cam_model: EquidistantCamera
  cam_width: 2448     
  cam_height: 2048  
  scale: 0.25
  cam_fx: 780.4435553743832
  cam_fy: 778.9425976806283
  cam_cx: 1236.1606759212918
  cam_cy: 1023.8193498966101
  k1: 0.0011778927862381439
  k2: 0.007619754410849611
  k3: 0.00635642296203498
  k4: -0.0069307574635781855
