cam_3:
  cam_model: EquidistantCamera
  cam_width: 2448     
  cam_height: 2048       
  scale: 0.25
  cam_fx: 786.5142416076859
  cam_fy: 784.6125452420298
  cam_cx: 1226.4043067285352
  cam_cy: 1021.3748561109408
  k1: 0.009484015343377256
  k2: 0.0011291186105060712
  k3: -0.002393537151765556
  k4: 0.0014409545034585816
