cam_4:
  cam_model: EquidistantCamera
  cam_width: 2448     
  cam_height: 2048     
  scale: 0.25
  cam_fx: 778.9557640421704
  cam_fy: 775.3629378749367
  cam_cx: 1223.3869214621027
  cam_cy: 995.8549513136727
  k1: 0.015009378176951162
  k2: -0.011601520391143795
  k3: 0.007885488635047061
  k4: -0.002634905194614748
